 Values of lat lon height
   90.0000000       0.00000000       13.0000000    
   90.0000000       10.0000000       13.0000000    
   90.0000000       20.0000000       13.0000000    
   90.0000000       30.0000000       13.0000000    
   90.0000000       40.0000000       13.0000000    
   90.0000000       50.0000000       13.0000000    
   90.0000000       60.0000000       13.0000000    
   90.0000000       70.0000000       13.0000000    
   90.0000000       80.0000000       13.0000000    
   90.0000000       90.0000000       13.0000000    
